A002 121.4669 25.1258 10.0 1 1 CWB CSMT FBA 0.2450E-03 0.2450E-03 0.2450E-03 1 0.0 20171201 99999999               
A003 121.4571 25.0860 11.0 1 1 CWB CSMT FBA 0.2450E-03 0.2450E-03 0.2450E-03 1 0.0 20171201 99999999               
A006 121.5152 25.0940 8.0 1 1 CWB CSMT FBA 0.3115E-03 0.3115E-03 0.3115E-03 1 0.0 20171201 99999999               
A007 121.5168 25.0735 9.0 1 1 CWB CSMT FBA 0.3115E-03 0.3115E-03 0.3115E-03 1 0.0 20171201 99999999               
A009 121.5811 25.0794 12.0 1 1 CWB CSMT FBA 0.3115E-03 0.3115E-03 0.3115E-03 1 0.0 20171201 99999999               
A010 121.4779 25.0652 7.0 1 1 CWB CSMT FBA 0.2450E-03 0.2450E-03 0.2450E-03 1 0.0 20171201 99999999               
A013 121.5337 25.0565 14.0 1 1 CWB CSMT FBA 0.3115E-03 0.3115E-03 0.3115E-03 1 0.0 20171201 99999999               
A014 121.5522 25.0565 16.0 1 1 CWB CSMT FBA 0.3115E-03 0.3115E-03 0.3115E-03 1 0.0 20171201 99999999               
A016 121.4311 25.0616 24.0 1 1 CWB CSMT FBA 0.2450E-03 0.2450E-03 0.2450E-03 1 0.0 20171201 99999999               
A020 121.5344 25.0376 14.0 1 1 CWB CSMT FBA 0.3115E-03 0.3115E-03 0.3115E-03 1 0.0 20171201 99999999               
A024 121.4747 25.0192 14.0 1 1 CWB CSMT FBA 0.2450E-03 0.2450E-03 0.2450E-03 1 0.0 20171201 99999999               
A025 121.4980 25.0123 11.0 1 1 CWB CSMT FBA 0.3115E-03 0.3115E-03 0.3115E-03 1 0.0 20171201 99999999               
A026 121.5114 25.0157 17.0 1 1 CWB CSMT FBA 0.2450E-03 0.2450E-03 0.2450E-03 1 0.0 20171201 99999999               
A030 121.5387 24.9979 21.0 1 1 CWB CSMT FBA 0.2450E-03 0.2450E-03 0.2450E-03 1 0.0 20171201 99999999               
A032 121.4828 24.9996 18.0 1 1 CWB CSMT FBA 0.2450E-03 0.2450E-03 0.2450E-03 1 0.0 20171201 99999999               
A034 121.5391 24.9536 48.0 1 1 CWB CSMT FBA 0.2450E-03 0.2450E-03 0.2450E-03 1 0.0 20171201 99999999               
A038 121.4186 25.0224 16.0 1 1 CWB CSMT FBA 0.2450E-03 0.2450E-03 0.2450E-03 1 0.0 20171201 99999999               
A039 121.3696 24.9350 43.0 1 1 CWB CSMT FBA 0.2450E-03 0.2450E-03 0.2450E-03 1 0.0 20171201 99999999               
A043 121.4181 24.9897 20.0 1 1 CWB CSMT FBA 0.2450E-03 0.2450E-03 0.2450E-03 1 0.0 20171201 99999999               
A046 121.7771 25.1024 47.0 1 1 CWB CSMT FBA 0.2450E-03 0.2450E-03 0.2450E-03 1 0.0 20171201 99999999               
A047 121.3446 24.9519 59.0 1 1 CWB CSMT FBA 0.2450E-03 0.2450E-03 0.2450E-03 1 0.0 20171201 99999999               
A049 121.4454 25.1469 19.0 1 1 CWB CSMT FBA 0.2450E-03 0.2450E-03 0.2450E-03 1 0.0 20171201 99999999               
A051 121.4493 25.0997 17.0 1 1 CWB CSMT FBA 0.3115E-03 0.3115E-03 0.3115E-03 1 0.0 20171201 99999999               
A052 121.3897 25.0801 249.0 1 1 CWB CSMT FBA 0.2450E-03 0.2450E-03 0.2450E-03 1 0.0 20171201 99999999               
A057 121.6942 25.0799 20.0 1 1 CWB CSMT FBA 0.2450E-03 0.2450E-03 0.2450E-03 1 0.0 20171201 99999999               
A059 121.6931 25.1566 75.0 1 1 CWB CSMT FBA 0.2450E-03 0.2450E-03 0.2450E-03 1 0.0 20171201 99999999               
A060 121.7303 25.1550 54.0 1 1 CWB CSMT FBA 0.2450E-03 0.2450E-03 0.2450E-03 1 0.0 20171201 99999999               
A061 121.7604 25.1316 49.0 1 1 CWB CSMT FBA 0.2450E-03 0.2450E-03 0.2450E-03 1 0.0 20171201 99999999               
A063 121.7382 25.1055 47.0 1 1 CWB CSMT FBA 0.2450E-03 0.2450E-03 0.2450E-03 1 0.0 20171201 99999999               
A071 121.6167 25.0017 45.0 1 1 CWB CSMT FBA 0.2450E-03 0.2450E-03 0.2450E-03 1 0.0 20171201 99999999               
A072 121.6587 24.9906 111.0 1 1 CWB CSMT FBA 0.2450E-03 0.2450E-03 0.2450E-03 1 0.0 20171201 99999999               
A075 121.7366 25.0277 228.0 1 1 CWB CSMT FBA 0.3115E-03 0.3115E-03 0.3115E-03 1 0.0 20171201 99999999               
A078 121.8666 25.0336 36.0 1 1 CWB CSMT FBA 0.2450E-03 0.2450E-03 0.2450E-03 1 0.0 20171201 99999999               
A083 121.5027 25.2580 73.0 1 1 CWB CSMT FBA 0.2450E-03 0.2450E-03 0.2450E-03 1 0.0 20171201 99999999               
A084 121.6373 25.2226 13.0 1 1 CWB CSMT FBA 0.2450E-03 0.2450E-03 0.2450E-03 1 0.0 20171201 99999999               
A085 121.7122 24.9383 205.0 1 1 CWB CSMT FBA 0.2450E-03 0.2450E-03 0.2450E-03 1 0.0 20171201 99999999               
A090 121.6029 25.0558 14.0 1 1 CWB CSMT FBA 0.3115E-03 0.3115E-03 0.3115E-03 1 0.0 20171201 99999999               
A107 121.7407 25.1328 9.0 1 1 CWB CSMT FBA 0.3115E-03 0.3115E-03 0.3115E-03 1 0.0 20171201 99999999               
A115 121.4650 24.9898 18.0 1 1 CWB CSMT FBA 0.2450E-03 0.2450E-03 0.2450E-03 1 0.0 20171201 99999999               
A124 121.5534 24.8637 146.0 1 1 CWB CSMT FBA 0.3115E-03 0.3115E-03 0.3115E-03 1 0.0 20171201 99999999               
A125 121.6549 25.0677 18.0 1 1 CWB CSMT FBA 0.2450E-03 0.2450E-03 0.2450E-03 1 0.0 20171201 99999999               
B003 121.1432 25.0456 56.0 1 1 CWB CSMT FBA 0.2450E-03 0.2450E-03 0.2450E-03 1 0.0 20171201 99999999               
B004 121.2030 25.0601 36.0 1 1 CWB CSMT FBA 0.2450E-03 0.2450E-03 0.2450E-03 1 0.0 20171201 99999999               
B006 121.1493 24.9095 165.0 1 1 CWB CSMT FBA 0.2450E-03 0.2450E-03 0.2450E-03 1 0.0 20171201 99999999               
B011 121.2865 24.8841 120.0 1 1 CWB CSMT FBA 0.2450E-03 0.2450E-03 0.2450E-03 1 0.0 20171201 99999999               
B012 121.2987 24.9361 140.0 1 1 CWB CSMT FBA 0.3115E-03 0.3115E-03 0.3115E-03 1 0.0 20171201 99999999               
B013 121.2134 24.8640 234.0 1 1 CWB CSMT FBA 0.2450E-03 0.2450E-03 0.2450E-03 1 0.0 20171201 99999999               
B014 121.3153 25.0448 104.0 1 1 CWB CSMT FBA 0.2450E-03 0.2450E-03 0.2450E-03 1 0.0 20171201 99999999               
B016 120.9656 24.8145 22.0 1 1 CWB CSMT FBA 0.3115E-03 0.3115E-03 0.3115E-03 1 0.0 20171201 99999999               
B018 121.0608 24.8786 110.0 1 1 CWB CSMT FBA 0.2450E-03 0.2450E-03 0.2450E-03 1 0.0 20171201 99999999               
B019 120.9874 24.9006 22.0 1 1 CWB CSMT FBA 0.2450E-03 0.2450E-03 0.2450E-03 1 0.0 20171201 99999999               
B021 121.1740 24.7919 141.0 1 1 CWB CSMT FBA 0.2450E-03 0.2450E-03 0.2450E-03 1 0.0 20171201 99999999               
B022 120.9899 24.7672 51.0 1 1 CWB CSMT FBA 0.2450E-03 0.2450E-03 0.2450E-03 1 0.0 20171201 99999999               
B023 121.1399 24.7200 177.0 1 1 CWB CSMT FBA 0.2450E-03 0.2450E-03 0.2450E-03 1 0.0 20171201 99999999               
B026 121.0837 24.7736 100.0 1 1 CWB CSMT FBA 0.2450E-03 0.2450E-03 0.2450E-03 1 0.0 20171201 99999999               
B027 121.0745 24.8301 80.0 1 1 CWB CSMT FBA 0.2450E-03 0.2450E-03 0.2450E-03 1 0.0 20171201 99999999               
B028 121.0521 24.7010 120.0 1 1 CWB CSMT FBA 0.2450E-03 0.2450E-03 0.2450E-03 1 0.0 20171201 99999999               
B029 120.7577 24.5578 36.0 1 1 CWB CSMT FBA 0.3115E-03 0.3115E-03 0.3115E-03 1 0.0 20171201 99999999               
B030 120.8852 24.5863 68.0 1 1 CWB CSMT FBA 0.2450E-03 0.2450E-03 0.2450E-03 1 0.0 20171201 99999999               
B032 120.8226 24.5221 78.0 1 1 CWB CSMT FBA 0.3115E-03 0.3115E-03 0.3115E-03 1 0.0 20171201 99999999               
B034 120.8653 24.6381 20.0 1 1 CWB CSMT FBA 0.3115E-03 0.3115E-03 0.3115E-03 1 0.0 20171201 99999999               
B035 120.7970 24.6141 13.0 1 1 CWB CSMT FBA 0.3115E-03 0.3115E-03 0.3115E-03 1 0.0 20171201 99999999               
B037 120.6837 24.4919 33.0 1 1 CWB CSMT FBA 0.2450E-03 0.2450E-03 0.2450E-03 1 0.0 20171201 99999999               
B039 120.7908 24.4897 160.0 1 1 CWB CSMT FBA 0.2450E-03 0.2450E-03 0.2450E-03 1 0.0 20171201 99999999               
B041 120.6956 24.3898 95.0 1 1 CWB CSMT FBA 0.3115E-03 0.3115E-03 0.3115E-03 1 0.0 20171201 99999999               
B043 120.9598 24.6866 88.0 1 1 CWB CSMT FBA 0.2450E-03 0.2450E-03 0.2450E-03 1 0.0 20171201 99999999               
B045 120.9205 24.5399 201.0 1 1 CWB CSMT FBA 0.3115E-03 0.3115E-03 0.3115E-03 1 0.0 20171201 99999999               
B050 120.6417 24.1799 100.0 1 1 CWB CSMT FBA 0.3115E-03 0.3115E-03 0.3115E-03 1 0.0 20171201 99999999               
B051 120.6597 24.1598 96.0 1 1 CWB CSMT FBA 0.2450E-03 0.2450E-03 0.2450E-03 1 0.0 20171201 99999999               
B053 120.6788 24.1917 137.0 1 1 CWB CSMT FBA 0.2450E-03 0.2450E-03 0.2450E-03 1 0.0 20171201 99999999               
B056 120.6335 24.1570 77.0 1 1 CWB CSMT FBA 0.2450E-03 0.2450E-03 0.2450E-03 1 0.0 20171201 99999999               
B059 120.5718 24.2670 9.0 1 1 CWB CSMT FBA 0.3115E-03 0.3115E-03 0.3115E-03 1 0.0 20171201 99999999               
B060 120.6503 24.2219 139.0 1 1 CWB CSMT FBA 0.3115E-03 0.3115E-03 0.3115E-03 1 0.0 20171201 99999999               
B061 120.5569 24.1345 38.0 1 1 CWB CSMT FBA 0.3115E-03 0.3115E-03 0.3115E-03 1 0.0 20171201 99999999               
B062 120.6842 24.1149 65.0 1 1 CWB CSMT FBA 0.3115E-03 0.3115E-03 0.3115E-03 1 0.0 20171201 99999999               
B063 120.6238 24.1078 34.0 1 1 CWB CSMT FBA 0.3115E-03 0.3115E-03 0.3115E-03 1 0.0 20171201 99999999               
B066 120.7043 24.2138 174.0 1 1 CWB CSMT FBA 0.3115E-03 0.3115E-03 0.3115E-03 1 0.0 20171201 99999999               
B068 120.7732 24.2760 283.0 1 1 CWB CSMT FBA 0.3115E-03 0.3115E-03 0.3115E-03 1 0.0 20171201 99999999               
B069 120.8309 24.2596 360.0 1 1 CWB CSMT FBA 0.3115E-03 0.3115E-03 0.3115E-03 1 0.0 20171201 99999999               
B070 120.5475 24.1964 11.0 1 1 CWB CSMT FBA 0.3115E-03 0.3115E-03 0.3115E-03 1 0.0 20171201 99999999               
B071 120.7952 23.9840 219.0 1 1 CWB CSMT FBA 0.3115E-03 0.3115E-03 0.3115E-03 1 0.0 20171201 99999999               
B077 120.7874 23.8272 235.0 1 1 CWB CSMT FBA 0.3115E-03 0.3115E-03 0.3115E-03 1 0.0 20171201 99999999               
B078 120.8537 23.8105 289.0 1 1 CWB CSMT FBA 0.3115E-03 0.3115E-03 0.3115E-03 1 0.0 20171201 99999999               
B095 121.0199 24.6888 104.0 1 1 CWB CSMT FBA 0.3115E-03 0.3115E-03 0.3115E-03 1 0.0 20171201 99999999               
B097 120.9274 24.7884 16.0 1 1 CWB CSMT FBA 0.2450E-03 0.2450E-03 0.2450E-03 1 0.0 20171201 99999999               
B099 120.6993 24.1364 85.0 1 1 CWB CSMT FBA 0.3115E-03 0.3115E-03 0.3115E-03 1 0.0 20171201 99999999               
B102 120.7286 24.2470 231.0 1 1 CWB CSMT FBA 0.3115E-03 0.3115E-03 0.3115E-03 1 0.0 20171201 99999999               
B103 120.7150 24.3075 223.0 1 1 CWB CSMT FBA 0.2450E-03 0.2450E-03 0.2450E-03 1 0.0 20171201 99999999               
B104 120.6091 24.2443 212.0 1 1 CWB CSMT FBA 0.3115E-03 0.3115E-03 0.3115E-03 1 0.0 20171201 99999999               
B111 120.4949 24.1120 13.0 1 1 CWB CSMT FBA 0.2450E-03 0.2450E-03 0.2450E-03 1 0.0 20171201 99999999               
B112 120.4303 24.0552 8.0 1 1 CWB CSMT FBA 0.2450E-03 0.2450E-03 0.2450E-03 1 0.0 20171201 99999999               
B115 120.4778 23.9579 24.0 1 1 CWB CSMT FBA 0.2450E-03 0.2450E-03 0.2450E-03 1 0.0 20171201 99999999               
B116 120.5889 23.8556 49.0 1 1 CWB CSMT FBA 0.2450E-03 0.2450E-03 0.2450E-03 1 0.0 20171201 99999999               
B117 120.4684 24.1324 6.0 1 1 CWB CSMT FBA 0.2450E-03 0.2450E-03 0.2450E-03 1 0.0 20171201 99999999               
B118 120.4313 24.0004 11.0 1 1 CWB CSMT FBA 0.2450E-03 0.2450E-03 0.2450E-03 1 0.0 20171201 99999999               
B120 120.6214 23.9774 238.0 1 1 CWB CSMT FBA 0.3115E-03 0.3115E-03 0.3115E-03 1 0.0 20171201 99999999               
B121 120.4589 23.8945 25.0 1 1 CWB CSMT FBA 0.2450E-03 0.2450E-03 0.2450E-03 1 0.0 20171201 99999999               
B122 120.6179 23.8118 85.0 1 1 CWB CSMT FBA 0.3115E-03 0.3115E-03 0.3115E-03 1 0.0 20171201 99999999               
B123 120.5516 24.0161 21.0 1 1 CWB CSMT FBA 0.2450E-03 0.2450E-03 0.2450E-03 1 0.0 20171201 99999999               
B135 120.6533 24.3331 146.0 1 1 CWB CSMT FBA 0.3115E-03 0.3115E-03 0.3115E-03 1 0.0 20171201 99999999               
B136 120.6587 24.2583 176.0 1 1 CWB CSMT FBA 0.3115E-03 0.3115E-03 0.3115E-03 1 0.0 20171201 99999999               
B138 120.6028 23.9205 42.0 1 1 CWB CSMT FBA 0.3115E-03 0.3115E-03 0.3115E-03 1 0.0 20171201 99999999               
B139 120.5483 23.9209 32.0 1 1 CWB CSMT FBA 0.3115E-03 0.3115E-03 0.3115E-03 1 0.0 20171201 99999999               
B141 120.4713 23.8321 31.0 1 1 CWB CSMT FBA 0.3115E-03 0.3115E-03 0.3115E-03 1 0.0 20171201 99999999               
B143 120.7632 23.8798 164.0 1 1 CWB CSMT FBA 0.3115E-03 0.3115E-03 0.3115E-03 1 0.0 20171201 99999999               
B145 120.3444 23.9788 2.0 1 1 CWB CSMT FBA 0.3115E-03 0.3115E-03 0.3115E-03 1 0.0 20171201 99999999               
B146 120.4913 24.1609 7.0 1 1 CWB CSMT FBA 0.3115E-03 0.3115E-03 0.3115E-03 1 0.0 20171201 99999999               
B149 120.5232 24.2563 8.0 1 1 CWB CSMT FBA 0.3115E-03 0.3115E-03 0.3115E-03 1 0.0 20171201 99999999               
B162 120.5212 23.8763 36.0 1 1 CWB CSMT FBA 0.2450E-03 0.2450E-03 0.2450E-03 1 0.0 20171201 99999999               
B170 120.7198 24.1548 120.0 1 1 CWB CSMT FBA 0.3115E-03 0.3115E-03 0.3115E-03 1 0.0 20171201 99999999               
B171 120.5878 24.3450 28.0 1 1 CWB CSMT FBA 0.3115E-03 0.3115E-03 0.3115E-03 1 0.0 20171201 99999999               
B172 120.6820 24.1440 92.0 1 1 CWB CSMT FBA 0.3115E-03 0.3115E-03 0.3115E-03 1 0.0 20171201 99999999               
B173 120.6565 24.1113 50.0 1 1 CWB CSMT FBA 0.3115E-03 0.3115E-03 0.3115E-03 1 0.0 20171201 99999999               
B174 120.8055 24.2269 478.0 1 1 CWB CSMT FBA 0.3115E-03 0.3115E-03 0.3115E-03 1 0.0 20171201 99999999               
B175 121.2043 24.9532 140.0 1 1 CWB CSMT FBA 0.3115E-03 0.3115E-03 0.3115E-03 1 0.0 20171201 99999999               
B176 121.2583 25.0250 75.0 1 1 CWB CSMT FBA 0.3115E-03 0.3115E-03 0.3115E-03 1 0.0 20171201 99999999               
B177 120.9549 24.6561 89.0 1 1 CWB CSMT FBA 0.3115E-03 0.3115E-03 0.3115E-03 1 0.0 20171201 99999999               
B178 120.4124 24.0277 9.0 1 1 CWB CSMT FBA 0.3115E-03 0.3115E-03 0.3115E-03 1 0.0 20171201 99999999               
B179 120.5039 24.0339 19.0 1 1 CWB CSMT FBA 0.3115E-03 0.3115E-03 0.3115E-03 1 0.0 20171201 99999999               
B180 120.5458 23.9926 25.0 1 1 CWB CSMT FBA 0.3115E-03 0.3115E-03 0.3115E-03 1 0.0 20171201 99999999               
B181 120.5457 23.9535 27.0 1 1 CWB CSMT FBA 0.3115E-03 0.3115E-03 0.3115E-03 1 0.0 20171201 99999999               
B182 120.5274 23.8923 37.0 1 1 CWB CSMT FBA 0.3115E-03 0.3115E-03 0.3115E-03 1 0.0 20171201 99999999               
B183 120.4163 23.8759 21.0 1 1 CWB CSMT FBA 0.3115E-03 0.3115E-03 0.3115E-03 1 0.0 20171201 99999999               
B184 120.7525 23.7492 496.0 1 1 CWB CSMT FBA 0.3115E-03 0.3115E-03 0.3115E-03 1 0.0 20171201 99999999               
C001 120.2491 23.7046 8.0 1 1 CWB CSMT FBA 0.2450E-03 0.2450E-03 0.2450E-03 1 0.0 20171201 99999999               
C002 120.4205 23.7175 26.0 1 1 CWB CSMT FBA 0.2450E-03 0.2450E-03 0.2450E-03 1 0.0 20171201 99999999               
C004 120.1795 23.5996 2.0 1 1 CWB CSMT FBA 0.2450E-03 0.2450E-03 0.2450E-03 1 0.0 20171201 99999999               
C005 120.4217 23.6100 21.0 1 1 CWB CSMT FBA 0.2450E-03 0.2450E-03 0.2450E-03 1 0.0 20171201 99999999               
C006 120.5601 23.5796 173.0 1 1 CWB CSMT FBA 0.3115E-03 0.3115E-03 0.3115E-03 1 0.0 20171201 99999999               
C008 120.2776 23.4836 11.0 1 1 CWB CSMT FBA 0.3115E-03 0.3115E-03 0.3115E-03 1 0.0 20171201 99999999               
C012 120.1597 23.3304 5.0 1 1 CWB CSMT FBA 0.3115E-03 0.3115E-03 0.3115E-03 1 0.0 20171201 99999999               
C015 120.4138 23.3526 39.0 1 1 CWB CSMT FBA 0.3115E-03 0.3115E-03 0.3115E-03 1 0.0 20171201 99999999               
C016 120.1621 23.2191 7.0 1 1 CWB CSMT FBA 0.2450E-03 0.2450E-03 0.2450E-03 1 0.0 20171201 99999999               
C017 120.2769 23.2137 8.0 1 1 CWB CSMT FBA 0.2450E-03 0.2450E-03 0.2450E-03 1 0.0 20171201 99999999               
C021 120.2957 23.0791 14.0 1 1 CWB CSMT FBA 0.3115E-03 0.3115E-03 0.3115E-03 1 0.0 20171201 99999999               
C022 120.4697 23.0441 102.0 1 1 CWB CSMT FBA 0.3115E-03 0.3115E-03 0.3115E-03 1 0.0 20171201 99999999               
C023 120.2889 22.9648 26.0 1 1 CWB CSMT FBA 0.3115E-03 0.3115E-03 0.3115E-03 1 0.0 20171201 99999999               
C024 120.6156 23.7553 101.0 1 1 CWB CSMT FBA 0.2450E-03 0.2450E-03 0.2450E-03 1 0.0 20171201 99999999               
C025 120.5229 23.7774 47.0 1 1 CWB CSMT FBA 0.2450E-03 0.2450E-03 0.2450E-03 1 0.0 20171201 99999999               
C026 120.4195 23.7966 27.0 1 1 CWB CSMT FBA 0.2450E-03 0.2450E-03 0.2450E-03 1 0.0 20171201 99999999               
C027 120.2543 23.7510 10.0 1 1 CWB CSMT FBA 0.3115E-03 0.3115E-03 0.3115E-03 1 0.0 20171201 99999999               
C032 120.3018 23.5770 16.0 1 1 CWB CSMT FBA 0.2450E-03 0.2450E-03 0.2450E-03 1 0.0 20171201 99999999               
C035 120.5916 23.5186 224.0 1 1 CWB CSMT FBA 0.2450E-03 0.2450E-03 0.2450E-03 1 0.0 20171201 99999999               
C043 120.3364 23.4048 20.0 1 1 CWB CSMT FBA 0.3115E-03 0.3115E-03 0.3115E-03 1 0.0 20171201 99999999               
C047 120.4553 23.4937 42.0 1 1 CWB CSMT FBA 0.2450E-03 0.2450E-03 0.2450E-03 1 0.0 20171201 99999999               
C049 120.3663 23.3655 24.0 1 1 CWB CSMT FBA 0.3115E-03 0.3115E-03 0.3115E-03 1 0.0 20171201 99999999               
C053 120.3637 23.2864 20.0 1 1 CWB CSMT FBA 0.2450E-03 0.2450E-03 0.2450E-03 1 0.0 20171201 99999999               
C056 120.1392 23.2621 3.0 1 1 CWB CSMT FBA 0.3115E-03 0.3115E-03 0.3115E-03 1 0.0 20171201 99999999               
C058 120.3271 23.1714 20.0 1 1 CWB CSMT FBA 0.3115E-03 0.3115E-03 0.3115E-03 1 0.0 20171201 99999999               
C060 120.2458 23.1234 10.0 1 1 CWB CSMT FBA 0.2450E-03 0.2450E-03 0.2450E-03 1 0.0 20171201 99999999               
C062 120.4590 23.1216 64.0 1 1 CWB CSMT FBA 0.3115E-03 0.3115E-03 0.3115E-03 1 0.0 20171201 99999999               
C065 120.3517 22.9043 44.0 1 1 CWB CSMT FBA 0.3115E-03 0.3115E-03 0.3115E-03 1 0.0 20171201 99999999               
C066 120.2172 22.9188 4.0 1 1 CWB CSMT FBA 0.3115E-03 0.3115E-03 0.3115E-03 1 0.0 20171201 99999999               
C069 120.1897 22.9732 7.0 1 1 CWB CSMT FBA 0.3115E-03 0.3115E-03 0.3115E-03 1 0.0 20171201 99999999               
C082 120.3067 23.7227 11.0 1 1 CWB CSMT FBA 0.2450E-03 0.2450E-03 0.2450E-03 1 0.0 20171201 99999999               
C087 120.5299 23.3821 175.0 1 1 CWB CSMT FBA 0.3115E-03 0.3115E-03 0.3115E-03 1 0.0 20171201 99999999               
C092 120.4862 23.7889 34.0 1 1 CWB CSMT FBA 0.2450E-03 0.2450E-03 0.2450E-03 1 0.0 20171201 99999999               
C094 120.3306 23.7923 14.0 1 1 CWB CSMT FBA 0.2450E-03 0.2450E-03 0.2450E-03 1 0.0 20171201 99999999               
C095 120.3306 23.4559 18.0 1 1 CWB CSMT FBA 0.3115E-03 0.3115E-03 0.3115E-03 1 0.0 20171201 99999999               
C096 120.2407 22.9813 31.0 1 1 CWB CSMT FBA 0.2450E-03 0.2450E-03 0.2450E-03 1 0.0 20171201 99999999               
C097 120.2115 23.0089 16.0 1 1 CWB CSMT FBA 0.3115E-03 0.3115E-03 0.3115E-03 1 0.0 20171201 99999999               
C098 120.1661 23.0006 8.0 1 1 CWB CSMT FBA 0.2450E-03 0.2450E-03 0.2450E-03 1 0.0 20171201 99999999               
C100 120.3503 23.2256 31.0 1 1 CWB CSMT FBA 0.3115E-03 0.3115E-03 0.3115E-03 1 0.0 20171201 99999999               
C104 120.4735 23.6678 35.0 1 1 CWB CSMT FBA 0.2450E-03 0.2450E-03 0.2450E-03 1 0.0 20171201 99999999               
C105 120.3453 23.5547 16.0 1 1 CWB CSMT FBA 0.3115E-03 0.3115E-03 0.3115E-03 1 0.0 20171201 99999999               
C106 120.4147 23.4363 32.0 1 1 CWB CSMT FBA 0.2450E-03 0.2450E-03 0.2450E-03 1 0.0 20171201 99999999               
C107 120.2992 23.2977 15.0 1 1 CWB CSMT FBA 0.2450E-03 0.2450E-03 0.2450E-03 1 0.0 20171201 99999999               
C112 120.1930 23.7025 3.0 1 1 CWB CSMT FBA 0.2450E-03 0.2450E-03 0.2450E-03 1 0.0 20171201 99999999               
C116 120.1168 23.0768 7.0 1 1 CWB CSMT FBA 0.2450E-03 0.2450E-03 0.2450E-03 1 0.0 20171201 99999999               
C123 120.2396 23.4835 7.0 1 1 CWB CSMT FBA 0.3115E-03 0.3115E-03 0.3115E-03 1 0.0 20171201 99999999               
C129 120.2441 23.2926 9.0 1 1 CWB CSMT FBA 0.2450E-03 0.2450E-03 0.2450E-03 1 0.0 20171201 99999999               
C131 120.3613 23.1196 28.0 1 1 CWB CSMT FBA 0.3115E-03 0.3115E-03 0.3115E-03 1 0.0 20171201 99999999               
C138 120.3174 23.6454 13.0 1 1 CWB CSMT FBA 0.3115E-03 0.3115E-03 0.3115E-03 1 0.0 20171201 99999999               
C139 120.4309 23.6443 27.0 1 1 CWB CSMT FBA 0.3115E-03 0.3115E-03 0.3115E-03 1 0.0 20171201 99999999               
C140 120.1752 23.2377 7.0 1 1 CWB CSMT FBA 0.3115E-03 0.3115E-03 0.3115E-03 1 0.0 20171201 99999999               
C141 120.1988 23.1226 7.0 1 1 CWB CSMT FBA 0.3115E-03 0.3115E-03 0.3115E-03 1 0.0 20171201 99999999               
C142 120.4035 23.0559 56.0 1 1 CWB CSMT FBA 0.3115E-03 0.3115E-03 0.3115E-03 1 0.0 20171201 99999999               
C143 120.3587 22.9641 83.0 1 1 CWB CSMT FBA 0.3115E-03 0.3115E-03 0.3115E-03 1 0.0 20171201 99999999               
C144 120.3942 23.6046 17.0 1 1 CWB CSMT FBA 0.3115E-03 0.3115E-03 0.3115E-03 1 0.0 20171201 99999999               
C145 120.1535 23.4607 3.0 1 1 CWB CSMT FBA 0.3115E-03 0.3115E-03 0.3115E-03 1 0.0 20171201 99999999               
C146 120.2599 23.1817 17.0 1 1 CWB CSMT FBA 0.3115E-03 0.3115E-03 0.3115E-03 1 0.0 20171201 99999999               
D008 120.3761 22.6282 16.0 1 1 CWB CSMT FBA 0.2450E-03 0.2450E-03 0.2450E-03 1 0.0 20171201 99999999               
D009 120.2643 22.8675 23.0 1 1 CWB CSMT FBA 0.2450E-03 0.2450E-03 0.2450E-03 1 0.0 20171201 99999999               
D011 120.2643 22.7601 12.0 1 1 CWB CSMT FBA 0.3115E-03 0.3115E-03 0.3115E-03 1 0.0 20171201 99999999               
D012 120.3791 22.8772 36.0 1 1 CWB CSMT FBA 0.3115E-03 0.3115E-03 0.3115E-03 1 0.0 20171201 99999999               
D013 120.3655 22.7945 56.0 1 1 CWB CSMT FBA 0.3115E-03 0.3115E-03 0.3115E-03 1 0.0 20171201 99999999               
D014 120.3488 22.7015 21.0 1 1 CWB CSMT FBA 0.3115E-03 0.3115E-03 0.3115E-03 1 0.0 20171201 99999999               
D015 120.3414 22.6543 12.0 1 1 CWB CSMT FBA 0.3115E-03 0.3115E-03 0.3115E-03 1 0.0 20171201 99999999               
D017 120.3934 22.5070 7.0 1 1 CWB CSMT FBA 0.2450E-03 0.2450E-03 0.2450E-03 1 0.0 20171201 99999999               
D020 120.5433 22.8998 48.0 1 1 CWB CSMT FBA 0.3115E-03 0.3115E-03 0.3115E-03 1 0.0 20171201 99999999               
D028 120.5992 22.8260 86.0 1 1 CWB CSMT FBA 0.2450E-03 0.2450E-03 0.2450E-03 1 0.0 20171201 99999999               
D029 120.5759 22.7540 58.0 1 1 CWB CSMT FBA 0.3115E-03 0.3115E-03 0.3115E-03 1 0.0 20171201 99999999               
D031 120.4888 22.5822 18.0 1 1 CWB CSMT FBA 0.3115E-03 0.3115E-03 0.3115E-03 1 0.0 20171201 99999999               
D032 120.4606 22.5437 8.0 1 1 CWB CSMT FBA 0.3115E-03 0.3115E-03 0.3115E-03 1 0.0 20171201 99999999               
D033 120.4606 22.4622 5.0 1 1 CWB CSMT FBA 0.3115E-03 0.3115E-03 0.3115E-03 1 0.0 20171201 99999999               
D034 120.6278 22.5283 107.0 1 1 CWB CSMT FBA 0.3115E-03 0.3115E-03 0.3115E-03 1 0.0 20171201 99999999               
D035 120.5401 22.5471 15.0 1 1 CWB CSMT FBA 0.3115E-03 0.3115E-03 0.3115E-03 1 0.0 20171201 99999999               
D039 120.7484 22.0954 59.0 1 1 CWB CSMT FBA 0.3115E-03 0.3115E-03 0.3115E-03 1 0.0 20171201 99999999               
D044 120.5115 22.4366 4.0 1 1 CWB CSMT FBA 0.3115E-03 0.3115E-03 0.3115E-03 1 0.0 20171201 99999999               
D054 120.7206 23.2766 719.0 1 1 CWB CSMT FBA 0.3115E-03 0.3115E-03 0.3115E-03 1 0.0 20171201 99999999               
D062 120.2926 22.6220 9.0 1 1 CWB CSMT FBA 0.2450E-03 0.2450E-03 0.2450E-03 1 0.0 20171201 99999999               
D063 120.1825 22.9043 5.0 1 1 CWB CSMT FBA 0.2450E-03 0.2450E-03 0.2450E-03 1 0.0 20171201 99999999               
D064 120.2482 22.7834 10.0 1 1 CWB CSMT FBA 0.2450E-03 0.2450E-03 0.2450E-03 1 0.0 20171201 99999999               
D065 120.3116 22.7522 16.0 1 1 CWB CSMT FBA 0.3115E-03 0.3115E-03 0.3115E-03 1 0.0 20171201 99999999               
D066 120.3455 22.7303 22.0 1 1 CWB CSMT FBA 0.2450E-03 0.2450E-03 0.2450E-03 1 0.0 20171201 99999999               
D067 120.4239 22.6552 27.0 1 1 CWB CSMT FBA 0.2450E-03 0.2450E-03 0.2450E-03 1 0.0 20171201 99999999               
D068 120.5443 22.9760 129.0 1 1 CWB CSMT FBA 0.3115E-03 0.3115E-03 0.3115E-03 1 0.0 20171201 99999999               
D069 120.6647 22.8858 256.0 1 1 CWB CSMT FBA 0.2450E-03 0.2450E-03 0.2450E-03 1 0.0 20171201 99999999               
D070 120.4958 22.7810 43.0 1 1 CWB CSMT FBA 0.3115E-03 0.3115E-03 0.3115E-03 1 0.0 20171201 99999999               
D071 120.5214 22.6477 25.0 1 1 CWB CSMT FBA 0.3115E-03 0.3115E-03 0.3115E-03 1 0.0 20171201 99999999               
D072 120.6014 22.6672 59.0 1 1 CWB CSMT FBA 0.3115E-03 0.3115E-03 0.3115E-03 1 0.0 20171201 99999999               
D074 120.5720 22.5730 23.0 1 1 CWB CSMT FBA 0.3115E-03 0.3115E-03 0.3115E-03 1 0.0 20171201 99999999               
D075 120.5062 22.4882 6.0 1 1 CWB CSMT FBA 0.3115E-03 0.3115E-03 0.3115E-03 1 0.0 20171201 99999999               
D076 120.5648 22.4263 17.0 1 1 CWB CSMT FBA 0.3115E-03 0.3115E-03 0.3115E-03 1 0.0 20171201 99999999               
D077 120.7317 22.7454 826.0 1 1 CWB CSMT FBA 0.3115E-03 0.3115E-03 0.3115E-03 1 0.0 20171201 99999999               
D079 120.6325 22.5910 89.0 1 1 CWB CSMT FBA 0.3115E-03 0.3115E-03 0.3115E-03 1 0.0 20171201 99999999               
D085 120.3290 22.8840 28.0 1 1 CWB CSMT FBA 0.3115E-03 0.3115E-03 0.3115E-03 1 0.0 20171201 99999999               
D086 120.3030 22.7927 12.0 1 1 CWB CSMT FBA 0.3115E-03 0.3115E-03 0.3115E-03 1 0.0 20171201 99999999               
D088 120.3187 22.6440 12.0 1 1 CWB CSMT FBA 0.3115E-03 0.3115E-03 0.3115E-03 1 0.0 20171201 99999999               
D090 120.4158 22.5895 12.0 1 1 CWB CSMT FBA 0.3115E-03 0.3115E-03 0.3115E-03 1 0.0 20171201 99999999               
D097 120.8380 22.1767 292.0 1 1 CWB CSMT FBA 0.3115E-03 0.3115E-03 0.3115E-03 1 0.0 20171201 99999999               
D103 120.3047 22.6269 11.0 1 1 CWB CSMT FBA 0.3115E-03 0.3115E-03 0.3115E-03 1 0.0 20171201 99999999               
D104 120.2926 22.6905 21.0 1 1 CWB CSMT FBA 0.3115E-03 0.3115E-03 0.3115E-03 1 0.0 20171201 99999999               
D105 120.4603 22.9394 75.0 1 1 CWB CSMT FBA 0.3115E-03 0.3115E-03 0.3115E-03 1 0.0 20171201 99999999               
D106 120.3130 22.6229 12.0 1 1 CWB CSMT FBA 0.3115E-03 0.3115E-03 0.3115E-03 1 0.0 20171201 99999999               
D107 120.2822 22.6238 12.0 1 1 CWB CSMT FBA 0.3115E-03 0.3115E-03 0.3115E-03 1 0.0 20171201 99999999               
D108 120.2242 22.8143 4.0 1 1 CWB CSMT FBA 0.3115E-03 0.3115E-03 0.3115E-03 1 0.0 20171201 99999999               
D109 120.1987 22.9114 5.0 1 1 CWB CSMT FBA 0.3115E-03 0.3115E-03 0.3115E-03 1 0.0 20171201 99999999               
D110 120.2720 22.6084 6.0 1 1 CWB CSMT FBA 0.3115E-03 0.3115E-03 0.3115E-03 1 0.0 20171201 99999999               
D111 120.5260 22.6769 35.0 1 1 CWB CSMT FBA 0.3115E-03 0.3115E-03 0.3115E-03 1 0.0 20171201 99999999               
D112 120.5445 22.5822 16.0 1 1 CWB CSMT FBA 0.3115E-03 0.3115E-03 0.3115E-03 1 0.0 20171201 99999999               
D113 120.5910 22.3679 2.0 1 1 CWB CSMT FBA 0.3115E-03 0.3115E-03 0.3115E-03 1 0.0 20171201 99999999               
D114 120.5112 22.5138 8.0 1 1 CWB CSMT FBA 0.3115E-03 0.3115E-03 0.3115E-03 1 0.0 20171201 99999999               
D115 120.6215 22.3300 11.0 1 1 CWB CSMT FBA 0.2450E-03 0.2450E-03 0.2450E-03 1 0.0 20171201 99999999               
D116 120.3496 22.5813 6.0 1 1 CWB CSMT FBA 0.3115E-03 0.3115E-03 0.3115E-03 1 0.0 20171201 99999999               
E004 121.7906 24.7435 5.0 1 1 CWB CSMT FBA 0.3115E-03 0.3115E-03 0.3115E-03 1 0.0 20171201 99999999               
E022 121.6506 24.6672 98.0 1 1 CWB CSMT FBA 0.2450E-03 0.2450E-03 0.2450E-03 1 0.0 20171201 99999999               
E023 121.6095 24.6787 144.0 1 1 CWB CSMT FBA 0.3115E-03 0.3115E-03 0.3115E-03 1 0.0 20171201 99999999               
E026 121.7728 24.6734 9.0 1 1 CWB CSMT FBA 0.3115E-03 0.3115E-03 0.3115E-03 1 0.0 20171201 99999999               
E033 121.8275 24.8630 14.0 1 1 CWB CSMT FBA 0.3115E-03 0.3115E-03 0.3115E-03 1 0.0 20171201 99999999               
E035 121.7685 24.8223 21.0 1 1 CWB CSMT FBA 0.3115E-03 0.3115E-03 0.3115E-03 1 0.0 20171201 99999999               
E037 121.7229 24.7435 17.0 1 1 CWB CSMT FBA 0.3115E-03 0.3115E-03 0.3115E-03 1 0.0 20171201 99999999               
E042 121.7986 24.6874 6.0 1 1 CWB CSMT FBA 0.3115E-03 0.3115E-03 0.3115E-03 1 0.0 20171201 99999999               
E046 121.7423 24.6649 31.0 1 1 CWB CSMT FBA 0.3115E-03 0.3115E-03 0.3115E-03 1 0.0 20171201 99999999               
E062 121.8008 24.4663 33.0 1 1 CWB CSMT FBA 0.3115E-03 0.3115E-03 0.3115E-03 1 0.0 20171201 99999999               
F015 121.5627 23.9729 44.0 1 1 CWB CSMT FBA 0.3115E-03 0.3115E-03 0.3115E-03 1 0.0 20171201 99999999               
F026 121.6245 24.1182 47.0 1 1 CWB CSMT FBA 0.2450E-03 0.2450E-03 0.2450E-03 1 0.0 20171201 99999999               
F036 121.3745 23.4977 109.0 1 1 CWB CSMT FBA 0.2450E-03 0.2450E-03 0.2450E-03 1 0.0 20171201 99999999               
F041 121.3026 23.2648 175.0 1 1 CWB CSMT FBA 0.2450E-03 0.2450E-03 0.2450E-03 1 0.0 20171201 99999999               
F042 121.2645 23.2199 207.0 1 1 CWB CSMT FBA 0.2450E-03 0.2450E-03 0.2450E-03 1 0.0 20171201 99999999               
F067 121.4688 23.7545 91.0 1 1 CWB CSMT FBA 0.2450E-03 0.2450E-03 0.2450E-03 1 0.0 20171201 99999999               
G020 121.2147 23.1259 278.0 1 1 CWB CSMT FBA 0.3115E-03 0.3115E-03 0.3115E-03 1 0.0 20171201 99999999               
G021 121.1759 23.1020 307.0 1 1 CWB CSMT FBA 0.3115E-03 0.3115E-03 0.3115E-03 1 0.0 20171201 99999999               
G023 121.1638 23.0512 231.0 1 1 CWB CSMT FBA 0.2450E-03 0.2450E-03 0.2450E-03 1 0.0 20171201 99999999               
G025 121.0800 22.9023 247.0 1 1 CWB CSMT FBA 0.3115E-03 0.3115E-03 0.3115E-03 1 0.0 20171201 99999999               
G026 121.0918 22.8597 227.0 1 1 CWB CSMT FBA 0.3115E-03 0.3115E-03 0.3115E-03 1 0.0 20171201 99999999               
G031 121.4673 23.3563 48.0 1 1 CWB CSMT FBA 0.3115E-03 0.3115E-03 0.3115E-03 1 0.0 20171201 99999999               
G035 121.2276 22.8784 56.0 1 1 CWB CSMT FBA 0.3115E-03 0.3115E-03 0.3115E-03 1 0.0 20171201 99999999               
G037 120.9667 22.5321 24.0 1 1 CWB CSMT FBA 0.3115E-03 0.3115E-03 0.3115E-03 1 0.0 20171201 99999999               
G045 121.1564 22.9741 190.0 1 1 CWB CSMT FBA 0.3115E-03 0.3115E-03 0.3115E-03 1 0.0 20171201 99999999               
H134 121.3034 24.5798 545.0 1 1 CWB CSMT FBA 0.2450E-03 0.2450E-03 0.2450E-03 1 0.0 20171201 99999999               
H176 120.9406 24.4653 488.0 1 1 CWB CSMT FBA 0.2450E-03 0.2450E-03 0.2450E-03 1 0.0 20171201 99999999               
H178 120.8657 24.3529 394.0 1 1 CWB CSMT FBA 0.3115E-03 0.3115E-03 0.3115E-03 1 0.0 20171201 99999999               
